ERROR-SYMBOL AND VN-PAIR ANALYSIS AT 14.0 dB
===========================================================================

SIMULATION INFORMATION
---------------------------------------------------------------------------
Eb/N0                     : 14.0 dB
Total generated frames    : 219156
Total failed frames       : 200
Observed frame error rate : 9.125919e-04

1. ERROR SYMBOLS IN EVERY FAILED FRAME
---------------------------------------------------------------------------
     Frame   VN index     True symbol  Decoded symbol
---------------------------------------------------------------------------
       159         26               2               1
       159         31               7               3
      3077         26               2               3
      3077         31               7               2
      3246         22               4               5
      3246         37               0               4
      3490         26               2               6
      3490         31               7               2
      4428         26               2               1
      4428         31               7               3
      4563         26               2               1
      4563         31               7               3
      5024         26               2               6
      5024         31               7               2
      5510         22               4               5
      5510         37               0               4
      6621         22               4               2
      6621         37               0               1
      6659         22               4               2
      6659         37               0               1
      7264         26               2               1
      7264         31               7               6
      8578         10               2               1
      8578         28               5               4
      8578         29               6               5
      8905         26               2               1
      8905         31               7               3
     14185         22               4               5
     14185         37               0               4
     15573         26               2               3
     15573         31               7               2
     16304         26               2               1
     16304         31               7               3
     16681         26               2               3
     16681         31               7               2
     17538         26               2               1
     17538         31               7               6
     17661         26               2               1
     17661         31               7               6
     18646         26               2               3
     18646         31               7               2
     23123         22               4               2
     23123         37               0               1
     23991         26               2               1
     23991         31               7               6
     24683         26               2               1
     24683         31               7               3
     25347         22               4               5
     25347         37               0               4
     25791         26               2               6
     25791         31               7               2
     28925         22               4               5
     28925         37               0               4
     30936         22               4               5
     30936         37               0               4
     32903         26               2               1
     32903         31               7               6
     34726         26               2               6
     34726         31               7               2
     35111         26               2               1
     35111         31               7               3
     35874         26               2               6
     35874         31               7               2
     36299         10               2               1
     36299         19               6               5
     36299         28               5               4
     36834         26               2               3
     36834         31               7               2
     37726         22               4               2
     37726         37               0               1
     37926         26               2               1
     37926         31               7               3
     39583         26               2               1
     39583         31               7               6
     40629         26               2               3
     40629         31               7               2
     41357         22               4               2
     41357         37               0               1
     42934         26               2               6
     42934         31               7               2
     44080         22               4               0
     44080         37               0               6
     46191         26               2               3
     46191         31               7               2
     47465         22               4               5
     47465         37               0               4
     48307         26               2               1
     48307         31               7               3
     48518         26               2               1
     48518         31               7               6
     50122         22               4               0
     50122         37               0               6
     51549         22               4               2
     51549         37               0               1
     52921         26               2               6
     52921         31               7               2
     53238         22               4               2
     53238         37               0               1
     54679         26               2               1
     54679         31               7               6
     56446         22               4               0
     56446         37               0               6
     56548         22               4               5
     56548         37               0               4
     57777         22               4               2
     57777         37               0               1
     60428         22               4               2
     60428         37               0               1
     60486         26               2               3
     60486         31               7               2
     61250         26               2               6
     61250         31               7               2
     61789         22               4               5
     61789         37               0               4
     61899         26               2               1
     61899         31               7               3
     63073         22               4               5
     63073         37               0               4
     66035         22               4               0
     66035         37               0               6
     67321         26               2               3
     67321         31               7               2
     67570         22               4               2
     67570         37               0               1
     67634         26               2               1
     67634         31               7               6
     68215         26               2               1
     68215         31               7               3
     69366         26               2               1
     69366         31               7               6
     69369         22               4               0
     69369         37               0               6
     69478         26               2               1
     69478         31               7               3
     69858         26               2               6
     69858         31               7               2
     70446         26               2               1
     70446         31               7               3
     74806         10               2               1
     74806         28               5               4
     74806         29               6               5
     74959         26               2               1
     74959         31               7               3
     75686         22               4               5
     75686         37               0               4
     76432         26               2               1
     76432         31               7               3
     76906         26               2               1
     76906         31               7               6
     77823         26               2               3
     77823         31               7               2
     79060         22               4               2
     79060         37               0               1
     80750         26               2               1
     80750         31               7               3
     82609         26               2               1
     82609         31               7               6
     84633         26               2               1
     84633         31               7               3
     84937         22               4               0
     84937         37               0               6
     85420         26               2               1
     85420         31               7               3
     85547         26               2               3
     85547         31               7               2
     85754         26               2               6
     85754         31               7               2
     86133         26               2               1
     86133         31               7               3
     86554         22               4               2
     86554         23               1               6
     86554         37               0               1
     89431         26               2               1
     89431         31               7               6
     90092         26               2               1
     90092         31               7               3
     91137         22               4               5
     91137         37               0               4
     91272         26               2               1
     91272         31               7               6
     92078         22               4               0
     92078         37               0               6
     93037         26               2               1
     93037         31               7               6
     93483         26               2               6
     93483         31               7               2
     95287         26               2               3
     95287         31               7               2
     96357         26               2               3
     96357         31               7               2
     99508         22               4               2
     99508         37               0               1
     99898         26               2               1
     99898         31               7               3
    100449         26               2               6
    100449         31               7               2
    100710         26               2               3
    100710         31               7               2
    101381         22               4               5
    101381         37               0               4
    101983         22               4               2
    101983         37               0               1
    102204         26               2               1
    102204         31               7               3
    102938         22               4               0
    102938         37               0               6
    104254         26               2               1
    104254         31               7               3
    104983         22               4               2
    104983         37               0               1
    106157         10               2               1
    106157         28               5               4
    106157         29               6               5
    106875         26               2               1
    106875         31               7               3
    109774         26               2               1
    109774         31               7               3
    110530         26               2               1
    110530         31               7               3
    110765         26               2               6
    110765         31               7               2
    111221         26               2               3
    111221         31               7               2
    111382         26               2               3
    111382         31               7               2
    112568         26               2               1
    112568         31               7               3
    113268         26               2               3
    113268         31               7               2
    114392         23               1               6
    114392         37               0               4
    114392         41               1               5
    114392         44               3               7
    115933         26               2               1
    115933         31               7               6
    119295         26               2               3
    119295         31               7               2
    121095         26               2               1
    121095         31               7               3
    121096         26               2               3
    121096         31               7               2
    122703         22               4               5
    122703         37               0               4
    123828         22               4               2
    123828         37               0               1
    125794         22               4               5
    125794         37               0               4
    127454         22               4               5
    127454         37               0               4
    130543         26               2               1
    130543         31               7               6
    130735         26               2               1
    130735         31               7               3
    130812         22               4               2
    130812         37               0               1
    132965         26               2               1
    132965         31               7               6
    133262         26               2               6
    133262         31               7               2
    133331         26               2               1
    133331         31               7               3
    135062         26               2               1
    135062         31               7               3
    135340         22               4               3
    135340         37               0               1
    136073         26               2               6
    136073         31               7               2
    138968         22               4               5
    138968         37               0               4
    139387         22               4               5
    139387         37               0               4
    140791         26               2               6
    140791         31               7               2
    145344         26               2               1
    145344         31               7               3
    145569         22               4               5
    145569         37               0               4
    146053         26               2               6
    146053         31               7               2
    148099         22               4               5
    148099         37               0               4
    148203         22               4               5
    148203         37               0               4
    150452         26               2               6
    150452         31               7               2
    150952         22               4               2
    150952         37               0               1
    151097          8               4               5
    151097         13               4               1
    152763         26               2               1
    152763         31               7               6
    153063         26               2               1
    153063         31               7               6
    153078         26               2               1
    153078         31               7               3
    153748         22               4               0
    153748         37               0               6
    154042         22               4               0
    154042         37               0               6
    155677         22               4               2
    155677         37               0               1
    156650         22               4               5
    156650         37               0               4
    156674         26               2               1
    156674         31               7               6
    156779         26               2               1
    156779         31               7               6
    156806         26               2               3
    156806         31               7               2
    159220         22               4               0
    159220         37               0               6
    160074          5               4               0
    160074         33               7               6
    161354         22               4               5
    161354         37               0               4
    162125         22               4               5
    162125         37               0               4
    166677         22               4               5
    166677         37               0               4
    167508         26               2               1
    167508         31               7               6
    167650         26               2               1
    167650         31               7               3
    169074         26               2               1
    169074         31               7               6
    170910         22               4               2
    170910         37               0               1
    171886         26               2               6
    171886         31               7               2
    174964         26               2               6
    174964         31               7               2
    175702         26               2               6
    175702         31               7               2
    176764         26               2               1
    176764         31               7               3
    176929         22               4               5
    176929         37               0               4
    179244         26               2               1
    179244         31               7               3
    179327         22               4               5
    179327         37               0               4
    181050         22               4               0
    181050         37               0               6
    183886         11               1               0
    183886         27               0               2
    183944         26               2               6
    183944         31               7               2
    184126         22               4               2
    184126         37               0               1
    184198         26               2               1
    184198         31               7               6
    184979         26               2               1
    184979         31               7               3
    185719         22               4               1
    185719         37               0               4
    186306         17               0               5
    186306         20               1               3
    186306         32               1               5
    186381         27               0               4
    186381         31               7               5
    186381         40               7               3
    186498         26               2               1
    186498         31               7               3
    190008         26               2               3
    190008         31               7               2
    193957         22               4               5
    193957         37               0               4
    194093         26               2               6
    194093         31               7               2
    194794         22               4               0
    194794         37               0               6
    195151         22               4               2
    195151         37               0               1
    195371         22               4               2
    195371         37               0               1
    197070         22               4               2
    197070         37               0               1
    197160         26               2               1
    197160         31               7               3
    197305         26               2               0
    197305         31               7               6
    198865         22               4               5
    198865         37               0               4
    199055         22               4               5
    199055         37               0               4
    203443          3               7               6
    203443         36               2               7
    203443         43               7               0
    204360         22               4               0
    204360         37               0               6
    205426         26               2               3
    205426         31               7               2
    205742         22               4               5
    205742         37               0               4
    208288         26               2               3
    208288         31               7               2
    209658         22               4               5
    209658         37               0               4
    216106         22               4               5
    216106         37               0               4
    216242         26               2               5
    216242         31               7               3
    216711          2               5               6
    216711          4               0               4
    217110         26               2               1
    217110         31               7               3
    218655         26               2               6
    218655         31               7               2
    219156         26               2               1
    219156         31               7               3


2. VN-PAIR OCCURRENCE SUMMARY
---------------------------------------------------------------------------
    Rank       VN 1       VN 2    Pair records   Failed frames
---------------------------------------------------------------------------
       1         26         31             115             115
       2         22         37              73              73
       3         10         28               4               4
       4         10         29               3               3
       5         28         29               3               3
       6         23         37               2               2
       7          2          4               1               1
       8          3         36               1               1
       9          3         43               1               1
      10          5         33               1               1
      11          8         13               1               1
      12         10         19               1               1
      13         11         27               1               1
      14         17         20               1               1
      15         17         32               1               1
      16         19         28               1               1
      17         20         32               1               1
      18         22         23               1               1
      19         23         41               1               1
      20         23         44               1               1
      21         27         31               1               1
      22         27         40               1               1
      23         31         40               1               1
      24         36         43               1               1
      25         37         41               1               1
      26         37         44               1               1
      27         41         44               1               1


3. SYMBOL TRANSITIONS FOR EACH VN PAIR
---------------------------------------------------------------------------

VN pair (26,31)
Pair occurrence count : 115
Failed-frame count    : 115

  VN 26         VN 31         Count   Percentage
  True->Decoded True->Decoded
  -------------------------------------------------------
      2 -> 1        7 -> 3          41       35.65%
      2 -> 1        7 -> 6          25       21.74%
      2 -> 6        7 -> 2          24       20.87%
      2 -> 3        7 -> 2          23       20.00%
      2 -> 0        7 -> 6           1        0.87%
      2 -> 5        7 -> 3           1        0.87%

VN pair (22,37)
Pair occurrence count : 73
Failed-frame count    : 73

  VN 22         VN 37         Count   Percentage
  True->Decoded True->Decoded
  -------------------------------------------------------
      4 -> 5        0 -> 4          33       45.21%
      4 -> 2        0 -> 1          24       32.88%
      4 -> 0        0 -> 6          14       19.18%
      4 -> 1        0 -> 4           1        1.37%
      4 -> 3        0 -> 1           1        1.37%

VN pair (10,28)
Pair occurrence count : 4
Failed-frame count    : 4

  VN 10         VN 28         Count   Percentage
  True->Decoded True->Decoded
  -------------------------------------------------------
      2 -> 1        5 -> 4           4      100.00%

VN pair (10,29)
Pair occurrence count : 3
Failed-frame count    : 3

  VN 10         VN 29         Count   Percentage
  True->Decoded True->Decoded
  -------------------------------------------------------
      2 -> 1        6 -> 5           3      100.00%

VN pair (28,29)
Pair occurrence count : 3
Failed-frame count    : 3

  VN 28         VN 29         Count   Percentage
  True->Decoded True->Decoded
  -------------------------------------------------------
      5 -> 4        6 -> 5           3      100.00%

VN pair (23,37)
Pair occurrence count : 2
Failed-frame count    : 2

  VN 23         VN 37         Count   Percentage
  True->Decoded True->Decoded
  -------------------------------------------------------
      1 -> 6        0 -> 1           1       50.00%
      1 -> 6        0 -> 4           1       50.00%

VN pair (2,4)
Pair occurrence count : 1
Failed-frame count    : 1

  VN 2         VN 4         Count   Percentage
  True->Decoded True->Decoded
  -------------------------------------------------------
      5 -> 6        0 -> 4           1      100.00%

VN pair (3,36)
Pair occurrence count : 1
Failed-frame count    : 1

  VN 3         VN 36         Count   Percentage
  True->Decoded True->Decoded
  -------------------------------------------------------
      7 -> 6        2 -> 7           1      100.00%

VN pair (3,43)
Pair occurrence count : 1
Failed-frame count    : 1

  VN 3         VN 43         Count   Percentage
  True->Decoded True->Decoded
  -------------------------------------------------------
      7 -> 6        7 -> 0           1      100.00%

VN pair (5,33)
Pair occurrence count : 1
Failed-frame count    : 1

  VN 5         VN 33         Count   Percentage
  True->Decoded True->Decoded
  -------------------------------------------------------
      4 -> 0        7 -> 6           1      100.00%

VN pair (8,13)
Pair occurrence count : 1
Failed-frame count    : 1

  VN 8         VN 13         Count   Percentage
  True->Decoded True->Decoded
  -------------------------------------------------------
      4 -> 5        4 -> 1           1      100.00%

VN pair (10,19)
Pair occurrence count : 1
Failed-frame count    : 1

  VN 10         VN 19         Count   Percentage
  True->Decoded True->Decoded
  -------------------------------------------------------
      2 -> 1        6 -> 5           1      100.00%

VN pair (11,27)
Pair occurrence count : 1
Failed-frame count    : 1

  VN 11         VN 27         Count   Percentage
  True->Decoded True->Decoded
  -------------------------------------------------------
      1 -> 0        0 -> 2           1      100.00%

VN pair (17,20)
Pair occurrence count : 1
Failed-frame count    : 1

  VN 17         VN 20         Count   Percentage
  True->Decoded True->Decoded
  -------------------------------------------------------
      0 -> 5        1 -> 3           1      100.00%

VN pair (17,32)
Pair occurrence count : 1
Failed-frame count    : 1

  VN 17         VN 32         Count   Percentage
  True->Decoded True->Decoded
  -------------------------------------------------------
      0 -> 5        1 -> 5           1      100.00%

VN pair (19,28)
Pair occurrence count : 1
Failed-frame count    : 1

  VN 19         VN 28         Count   Percentage
  True->Decoded True->Decoded
  -------------------------------------------------------
      6 -> 5        5 -> 4           1      100.00%

VN pair (20,32)
Pair occurrence count : 1
Failed-frame count    : 1

  VN 20         VN 32         Count   Percentage
  True->Decoded True->Decoded
  -------------------------------------------------------
      1 -> 3        1 -> 5           1      100.00%

VN pair (22,23)
Pair occurrence count : 1
Failed-frame count    : 1

  VN 22         VN 23         Count   Percentage
  True->Decoded True->Decoded
  -------------------------------------------------------
      4 -> 2        1 -> 6           1      100.00%

VN pair (23,41)
Pair occurrence count : 1
Failed-frame count    : 1

  VN 23         VN 41         Count   Percentage
  True->Decoded True->Decoded
  -------------------------------------------------------
      1 -> 6        1 -> 5           1      100.00%

VN pair (23,44)
Pair occurrence count : 1
Failed-frame count    : 1

  VN 23         VN 44         Count   Percentage
  True->Decoded True->Decoded
  -------------------------------------------------------
      1 -> 6        3 -> 7           1      100.00%

VN pair (27,31)
Pair occurrence count : 1
Failed-frame count    : 1

  VN 27         VN 31         Count   Percentage
  True->Decoded True->Decoded
  -------------------------------------------------------
      0 -> 4        7 -> 5           1      100.00%

VN pair (27,40)
Pair occurrence count : 1
Failed-frame count    : 1

  VN 27         VN 40         Count   Percentage
  True->Decoded True->Decoded
  -------------------------------------------------------
      0 -> 4        7 -> 3           1      100.00%

VN pair (31,40)
Pair occurrence count : 1
Failed-frame count    : 1

  VN 31         VN 40         Count   Percentage
  True->Decoded True->Decoded
  -------------------------------------------------------
      7 -> 5        7 -> 3           1      100.00%

VN pair (36,43)
Pair occurrence count : 1
Failed-frame count    : 1

  VN 36         VN 43         Count   Percentage
  True->Decoded True->Decoded
  -------------------------------------------------------
      2 -> 7        7 -> 0           1      100.00%

VN pair (37,41)
Pair occurrence count : 1
Failed-frame count    : 1

  VN 37         VN 41         Count   Percentage
  True->Decoded True->Decoded
  -------------------------------------------------------
      0 -> 4        1 -> 5           1      100.00%

VN pair (37,44)
Pair occurrence count : 1
Failed-frame count    : 1

  VN 37         VN 44         Count   Percentage
  True->Decoded True->Decoded
  -------------------------------------------------------
      0 -> 4        3 -> 7           1      100.00%

VN pair (41,44)
Pair occurrence count : 1
Failed-frame count    : 1

  VN 41         VN 44         Count   Percentage
  True->Decoded True->Decoded
  -------------------------------------------------------
      1 -> 5        3 -> 7           1      100.00%


4. DOMINANT VN PAIR
---------------------------------------------------------------------------
Most frequently observed VN pair : (26,31)
Number of pair occurrences       : 115
Number of failed frames          : 115 of 200
Fraction of failed frames         : 57.50%
